 4  .   5   4, 1  5.   4 85 ,  885,    08  04 ,    08.  7 05,      0   5,      05. , 08 8    , 045  ,   85 4 ?. . .? (   ).

  9-  8  8   558 4 4.  4 45    7    0 45 . 4 154 70 45 0 0.  25     152.  6  048  8   , 4 0 . 70 8  4 14, 4 55 8 08   4 5 ? 0,  , 4, 4  4.  4, 1  7 07 7, 48 1  ?  8  7 55   8 . 1 152 14 7 77   0, , , 0   5 0 5 28 ,   ? ,    ?  5.

8 0 5   84 44   5 1 :  ?? 0 1, ?48 ? ? 44 , ?? ?   . .  ,  4 5 1 85 0. ,    4 1    0 ,  6 ? . 5 6 4 6 5,       85  45 4.   5  , 0 04      5 0 , 1   8, , 8,   , 8   57 4 48, 0  885  .

152 4 2, 88     0,   4  ?  54 08 ( ,    . .).    5 5. 4 , 4 , 15 5  257  1. 04  1, 4  40 ,    48 0 0.

,  , 8 , 07  4  88  ., 0:

?   72  25 7 7 5  , 4      8   ,    8      .

   08            4  5      7   1 2          ?.





 4 , 0  1  ?? 0 0, ?? ? 5, ?2? ? 4 .    4 0  48, 0 ?? ? 6 , ?8? ? 8, ?4? ? 4 4. 1 4   1,  , 0  6 5 ? ? ? , ? ? ?  2, ? ? ? , ? ? ? 4, ? ? ?  0.

 ,  18   4 41   485  72 :

?   72  25 7 7  7   , 8    5  8   2     .

   08          4  5   4  7   1 4   0      ?.





   14   18 4  8 . 1  28  1     054 4 , 5 152 28  07.

8      7 5  4 01  18.  0 0 8         88, 5 8 08   85 15 05  14. 6    51 ,      858 15 4 .

4 1  0 888 4 1.  1  4 04.   85  7 857 17   07 ,   ? 4     4 . 0  1   1 0 5 8  517. , 1, 04   .,  9       .   1,    4 0   ., 5 9   9 .  1, 04  -   ., 4 9       . 4,   4 4 4. 2  1 8  9 , 4  , 1 07 5. 40   1 05 4 1,  8 ? 04. 8, 6 5, 04 05 ??, 87 8 18  18.

 1 5 4 ,  05 01  5 ?? 8 .  , ,   5 14, 5  0 ? , 4 88 8     . 6  05  88,   257  8, 4  1   , 40   4 5 0  4, 4 4  57 0 1,  88  4 8  .

, 0 4 4 1 5   257 404  54 04 ,    12 1. 6  - 08     4 , 0   45  0  8.

 4 78  5  0  , 18  04 1.     1, , 0 ,  4 4     078       9, 4    51  7  04 . 6   , 0 1  0   (08 4    )   (08 4    9).  ,   0 , 0728      ,   78 ?. 6, 8,  - , 0  1   ,  7  0 .    08 51, 0 6  5  0 7. , 1, 4 4  05 4 , , 0 8 4,   8    0  .  04 ,  1 4 1   8 1 8 .

4 14 4 04   5  . 5 5 58 1   174   07 .      78  .      8 ??  57-   4, 1   8. 5, 41 8  , 8 1  4  0   , 4 8   8 .

 0  .    4   74 1   4 0 .   4     0 4   7 ?   , 41 8  7 7     6. 54 14    ,      8 ?    ,   4414   .

 04-2  ,  4 38   1    5  7,     1, 84  0   4   .      6. 5   0 4 4,  15  4 4     00 44, 04 5  8 .

 8       4 4 0,    ?? .    2  , 0 4 727   7  ,  4     14.   8  0   0    , 4  8    1,  4 4 4, 81  804 4 .

8  1 8 8    7  0.    6 , 15  0 99 ,  88  .  .  0 8 41 4 ??. 0     4 4 4 8  0  .  88  .  0  0 9   4 41 4 ??. 51 0 0 0 6 4 4 0    . 4 , 0 0 0 8  .   4 0, 4 4 9   .  0 4  28      51     6.

   4 5 4. 7 28 4      , , 8  . 8 0  8 388, 0   8  04 7    1   .   5 48 5 1  ,  - 7  ,  4  ,    1 5 05.       0 4 38    ,   4 04 4,  8 8   0.

8 0 45   4 8   0 8 0.   4  8 08 0, 4      5. 5 8 0, 518   -   257 4  05 4 4 8. 04 5 05   51,  5    4 172 57  , 4 5  . 8 4   5 1 4    , 2   1 0,   6 4  4      .  - 0 6 48 8  1  ,    8 5  4 2.   -  05      0.

  05 41,     5 45 04 -  84  154 . 5,  , 1, 4 5 2 8  .  0   4, 4  4 , 1  57-, 0  08  ,  848  , 88 28   ? ,  2     -     ,   4728 0    5 ,   4      . 28 4   4 8 , 7 0  5.  8 7    8 5 8 654 , 4  4 5   .  0  8 2, 84  , 5  54  4 5 44 1, 4,   4.  0 0 4,   4 4 4 . 58  4    4      8  0, 0 2 8  . 58    , 0 2  38. 6   4 85 .  88  .,   48   57-,         2.    1  8 , 2  7  4  .  1 5:

?. 8  04 4.  0 1 5,  V,  0 5  .

. 8  48   5   480   7. 5    ,  5 6   -5 .

.  1 5, 4 41   8 8   7 57 7   5 1 .

.  2 1  5  4 14.  5 1,     4 5 8  . 1  4 5 4  , 1  4,   . .   44 5.

. 4 4 0 0 1 .  1 5   8.  0.   2.

,  8?.





 8  5.  , , 4 08 57,   .     4  ,    48   .  4     . 0   , 4 5 0 0 0 9    8   ,    .   8, 04 85 4,  , 0    5 .   6 4 5 , 8  7 .   6  , 4    .  45 15 1     ,  88 4  4 .

04  8  88     5  ,   8, 8  ?4 4?  ,    5, 018   2.     818      14  70.   . 6     04   8 8 08   ,  ,  8, 0 4  45 57  1, 8    5 1, 4 7 24.

 8    . 8  4185   . 8    8 , 8   .    8    8. 4 14 07 7 2 8 2  0, 4,     0 .  4 14 0 87        7 07, 7  7 .   ? 4?   45 14  5  .   57   , 728    15   . 8  6 8      4 , 0   4 5 4  ,    51 4   , 8   0      5  5,    40, 8 5  5 8 7  2,   1 5  45 4,    7 8     ,    0   8  4    44   0 .





 9




     .,    4   4, 8  8 8 7    4 00 , 1  4 8 05 4,      4   7.   -  -   8 5  5 7, 1    - .  8   0 8, 0   51 0 0 14  28, 04 -  0 8,  0 6 28 78  ,     8  , 4  4 858  1. 7 8 517 5      5   1.   8 7   07,  0 4 , 0   - 4 . , 0  0  4 5  0 8 4  , 7    5 1 6  0.

  . 7 5  . 6 4 51 , 4 1  4 , 4 8,      .     0 8   4728        2,  4  4 0    - .   5, 8  4 , 7 8 5 0 7,  8 5   5 2 8    .

7 0  25 08 0 , 18  2  7 8.   1  07    5 0,  5 684 0 4 .  7 2   85 04  - .   4  58, 1   84 , 15      7, 0 84    , 8 15  2   ,  0 05   4 1.

 4 04  2 4 , ,  4  5 5,  4  0 4    .  5    , 4  7  . 6 2 4  4  -      . 0    72     55 1.  2 5:

?  70 1  7  .    5?.





 8  ??     ?? 1 8  5 0 58  . 8 8 6, 0 7 , 0 1 48 58 0  ,       .   , ,  1, 2   , 0 8 087 4 05  05 ??  ??.      55, 815  0 .  5, 9 , ??  4  1  4, 8  ,   4     008, ?51 8,   1, 0 - 08  4 5?. 4 ?? 24      0 5  85   7.  5 8 5    7, 0  05    72 8   472 8.  4   5  8 05 14 4 1  , 8,  , 4 4 7   8  ??  ??,  6  4  4 8, 0 7  04     .

 6 2  85   4    0 7     . , 0    5,  ?? 1  4, 7   5  17:

?5   2 5 4, 482    404 8?.





 6   4 04 4 5  0 ,  8  4 4,   485, 7.   8  54 , 4 58  8  8  4     , 0  .   51 4  -152   5 54 8   ,  6  4  4   4 04.

   ?58 ? 5  7, 0 15  5  88    5 4. 7 8  8:  8  8 04 0, 4   24 0  8 5  04  , 0  0  18  4       1.  , 0 1, 01      005:

? 0 88  .    4     ??. 5 0 8  4  4  1  1 . 1       4   ,   4   4 4  8  5 4.  88     4  - 1.    0 2   018.  8, 0  257 4     8 15  51  54 0  - 1.  0, 0  , 2  4,  4 5 6   4.   4 4  5,   4,   4 5 ,  4   7. 4 5   5,  85 0   9 8 0   1 4 7  04  4 4?.





6 1  88.   58, 8 0  4  ?? (, 8 08    )    7 5  5  07  - 12,     87  55 4 08  6 . 0 05 5 ,     4 05 , 2 6  , , 0 4 4 5 145  5  .   1  888 1  ,   8  8 8 .    40 4 , 54 4 08 878 02 .  4 08 4   08 878   4 08,    .  4 08 2 8 8 :  0   - , 04 0  , 4 05  4.  4   4, 4   6 55  8 88 1.

   4 2 5 44, 0  5 0  , 04 05 05 54 0 4  - . 6 8,  7 008, ?, 4 ,  2  : ?  0 0   1 4  4   ?   .    6 404  8  ,    0 57 0  4 85  4    5 , 72  - 57 ?.

 8  . 0  4 7 4 5, 0     4   05.  8 , 0 8 45 ,  7     - . 6 5   88 8 08  5  517    9, 7    .    5 2,   8 8 5 8 4.   9 4 05 0:  5     4 2      8 ? 5    , 4 0   1  .  8   5 58 -  45 ,  ? 9? 5 5 4  4, 0   85 28  8. 6  5  ,     ,   2.

  8  .   4 84 82,   4 4 04   4   84. 82 4 41     6 ,    8    8  5 .  0  82 8 4  ,     .  4 9  5  8 08 2, 4   , 81  . 04  58 8 08       - 1  ,   6   9  5 5 8 8.

 0  2     9 5  4  4 , 0 0 6 5  0  . 4 0 6 , 4  8 4   754 8 4  0,    08  4 454 ,          .   8    4 9 ? 6 , 5  4 ?. 1 6 ?    .

 :

?4  ,      8    ,   4 8   . 4   1 5 , 8 , 0  , 7 5     .

?  5 0 2 , 0 4 05 1  , ?  . ? 0, 4 4 , 8  1 , 1 . 5  7    6 0, 5 0 ?  8  05  ,  4  6  0 7 . 0 4  6 ?

?         ?

?  4     , 4    58  .

? , 0, 8 ,  8 5  .

? 05 1, 8    ,   2  2 8?

   8 8 4 05  0 8   : ?-0     4 45   8 48  8?. 4  2  4   , 5    8 1! , 5 70  15  5  -  !?





  8 -8    855, 727 .  5 4 4 4 4 . 04 4    , 48 7 25   8    4 . , 4 , 0,   85  0,   5   4. 048 6, 8   45 5   7 855   , 58   0 4 4 8 8  8 8     0 4.

 0  885  44     ?0?  . ,   5 , 0 4, 4     ,  -  ??,  4 5 7  ,   4      ?-9?. 4    1   , 1  , 5  5   5,  005 0 5   04 4  8 41  05. 54   8  5.

 8  .   0 0 5 4  007, 04 5  , 0  2   4  , 818   57.  1   0,     8    5  ?,   8  5      ?.  5,  6     4 , 04 4   15 4 24    5 0 6 ,   8  .   18  4 1 4   7 ,   5,  1 1 5.    5 0    ??   8  , 0  9.9   ?? .    218   4. 04 58, 0    ,      54 . 5    ,   45   5.   -  4    8 4 8.

 0 8 4 4 0   .   72      4  4 ,  4418 5 82 5, , 8 ,   54 , 4   6 0  .  4     45    , 0  4   5       0.

07, 18   - , 4 5 8    ,  4   8. 1 1 15   8 8,   0  85 58 5 58   .  5  88  .   008 1 5  2: ?4 ,  85 48  ?. ? ??? ?  005. ?8 0, ?  5. ?     0 , 04 5  ? .

 5 38 007, 0 4 0  454 4 85 08  4 9 1 4,   9.    8  -  .   5: ?-8  -8 4 4, 1  6   , 4  4 1  4 , 4  ?   4   8 0   4?.

0 1 5   :       41  , 04 5 4 5  .  6    51.  72 5  .9   4 .      04 4 0,    8 ,  0   44  0 .   0 0  ??,    8 ,  45 54 5  8 .  88   0458   0458  4 4 8.  15   6, 1  ,   8   ,   8 458.

6   05     , 0  4 9,   7 4  8   5 , 0  0 4 5 8 018  4. 7 0 1 , 01    472  4 8,   0  .

 ,   -  1, 4  4 8557, 1 5 05 4   ,   4    4 5 4    , 4 1 4 8   4   . 6,  9 8  .   0 58  8,  4 5   6 48     0 8  5    - 4.  08 8 0 5   0 41  4 .   4 85 0    , 8  0  0 4        .

  1    054 1, 4  0 87 5   .   48 1 8 44,  4   8  - .  5 72 34      0   , 0  .9  8  8   5   .  0 8,   , 0 4  2 88  ,    4   5   .    4         .   4  2  ,     04 2         ??  , 0  5     ,     8 8  .    5, 0   0 6  5 4 1 ??, 1 1   0,    4 9?!

 . 0  ,  1 172 08 8, 01   4  77, 1    8 05     .  .     .  14 1 4 4 04  9,   9.  7 4 0     8.   6   4 4    . 6   07 7, 8  6  4 5.  5    157    5   1, 24   8.

 4  77 8      4.   4 9    28  4 . 485 05 74 8 5 4 8,    ,  5   , 24 54  8 8 1 4 .

  0 .  ? 2  ,  4    , 018 40 57  57 45   51 .   8   8 0      5     0   1 , 485  - 4.  708 8 485, 0 6 4 4  8. 15  ,  4 7   0 5  .  28   4 82,   5 4 .

  5 5 , 0 8      4 8  .   8, 6 4 88 :

?4  5   4 4 5  .   8 , , 2 7 4 5,  05 0,    8, 8    ,   85  ?    5 0 4? 8   4  .    5 . 5 172 2?.





8  54 4 4,  0 4  5 5 4 82, 4  2    7.     4 ,   4  5    85 5,   1 4 - ,    4 9 44 7 5. 6     27 25  0 0728 3 1  .

  3 0 1   9   85 4 4   7 ,   45  4 , 701 07, 7  7 457 7.  4 4 0, 0  88  .  5  .  9 4 0  0   480  12.

 5 0,   8 ,   8    1 4 4 1. 1  4 9 2  18  0 4     ,  0  4 18  7.  5    50   ,   04   5    4 8  8.     9 4 84 24, 4    8 4.

    1  4 9 1  8   7,     . 4  5  6 .  4 04,  8 7, 4  0     8  0 8557,  0  9 .   .   6  7    08   15 , 5   9 85 , 05 0     4.  7 8  4 .

  8 7, 0     , 5  5 1   4 9, 0   8 2  5  08  . 6 7 8 6 ,    88  . 4 8  9 1  4  05 05 0, 4  4 0  ,   08.

05 -    58  0  5 4 4  8 45 4.   4 4 05   .         - 4     4   4.  8  .,    8 0 ,   ,   -7 .

604,  - 0  ,  41   51 704 ,   54, 72 8.

?   6 0!





?   1  5      6. -

 8       5  0 1    1  1?. -       4 8,  0  0 2 ??.





68  5 8 5  .

?  ,  8 - , 44  5 0-5 8 ,





?    6 . -

    , 4 0, 0  8   04 5  ?.





01  7    6:

? ?    , 4  .   ,   5 4   0, 4  4   58.   54 , 4 , 5 5,  4 8 4 4 72 . 6 0 ? , 4 .  7    54   4 ? 4 7?.





 0  .   6 8  58  04  4   4, 4 4 4 4 154  58   4.   ,       6,  57  .  5 8   7.





1 




  88  . 58 , 1   0  4 9, 1 5   0  1, 8 5  040 . 8   . 6 1, 7     4     00 05, 5  57 7, 8   5  2 85   4.

1 4 05   8   480 4 4 . 8    8  88,  4     4 1  1.  44  4   257 0 ,      99.     9   0  1 8.  , 0  99    4 , 4   4  0 0404 0, 4      4 , 0 5  04  8   85 .   04 , 4     4 44   9,  4 99  99, 818 0 8   7 ,  99, 518, , 8 8    ,   4 99  99.

 4   4   99  8  , , , , , , ,   5  7  .  8  9 0 285  14     5   4 1.  5 0  0 0   , 04  257  99, 0    7 5 58     4.

8     05 15 54 0 51  14   88  .,   5, 0  8   0  4   4    . 5   5  4  6 14   00 48  99, 8  05 5 :

?1 . 8 0  1 5  8 0 4     ?

  8 4 4 05 07 7 . 8  , 4, ,   8  , 04  5 5.    8 25 6, 4   7  72 :   4,  70 ?

1 5   5  15  , 0 4    1 , ,  8,   5   4    8. 2 , 0? 1 4 ?  0 5 8 48 7 705 .

?





  6 00 07 1 , 4 5  0 4  ?0  ?  ?  4?  .     8, 0   0   4 54 8.    5   51 0 14,   05   ,  70     4 .     88  18 8     4.

 4 04,  5   7  88  . , 8,   0 85, 08  5 5, 5  0  ,    4   1 1  4 0 .     8 8  ,  5  15 5  7 , 8 5 857 8 . 8 08 45 5 5  15 4 8     4, , 115 9 480 0  15   5 4, 8, 4 4 5.   48, 4 7 4, 4     ,  8      8. 84   4  60   7.    0  0, 8  4  18 2 - , 4 14    8 8 . , 8  , 5 58   51:   1    , 4 8  8  4   ?8  4  0  ?.

 01 4    .  0 1  5  4,      4 4   .    4   5 705 . 6,     4,   4  4 5   1 2.  . ?5 07 7 ! ?  4. ?   8  458,  4, 418  . 72 88  4?.  0  8    5  6 , ,    2 2 5,  85   .  0.    4  , 4 05    0  4.

  , 0 4 8      7  4 1. 6  1 85 4 8  57 85 6 .   ,  05   17     -  5 6   , 705 4 7  .      2 2 8  4 ,     4 8   .

0   8 5 0  , 8  5  5 1,      7      6   6 0 1. 8  04 45 4  , 0      6,       8.   5 0.

 1 0 4 ?1 54 ?. 18, 8 5 4 5,  0 5  ,   0 4 4 25      4, 88  4    4. 0 4 6 . 6,    . 18 5 4  5 , 0 8    4, 0  1, 0     - 85 1,     5 4.   1 5 2, 0  51   85    4  1.    2:  1,   85   6-. 5 14  04 4   ,  5    8   5  1. 6  4 4 ?1 54 5?.

5  5  77   0 . 4  5, 0 8   5  4 4  1 . 6   4 6 4   1. 1 45   4, 84 0 5  77 ,  18   99.  057 8 , 1  4    99. 6 4 4    4 9.  8 1,    88  99.  6   9 5 5    54 1 .       5 . ,   1 0   99.   6  8  8  1.  4 , 0 4 4 51 15,  0 8    4, 0 15  6 5.

8  1, 4  5 8 0  14  1, 5  6 ,    4 1  5.   .  8         , 0  4 28   5  5    , 8 4  1.   8  .   1    7 7  5,  0, 0  14   05 ,  5   8458 0       4 1.    6 .  72 5 5 1  5, 58 4 , 5 4    1   0 4.

1  4   5 1    88   0 8.   58 4 5   1. 6 0    ,   ?  .  15     8  1.   8    68 14 .   9  5,     11    .  0   8  . 0       14  5 , 4  4   ,        47.

4      0    0     5,   05 8 ,     7   7 7.     9  1   .    .    4    0 5, 18  4 7  6.   .  5    14 8   18,   4 8  0   4  ,    05 6 8.

 1     ,  4  . 4 5 5, 018  04 1      ,   ,  0 5  8  .  8 58    485 8 ,   8  0, 18    .  4     , 4  9 ., 5  , 0 ? 2     4    84  0    ?.   .    5       4      9.     5, 0  08   4     0   4  5    04  9 .

     9, 1   4   15 , 8      4 9.  -  0   1 07 07 4, 7   : 18, 0, -, .  , 0 4 4   4,   8  .   0   7 - 4  4,   4  , 0 5       . 4    9,     0 5,  0  4  48  25.     4   , 0    4 8   -7  -  ? ? .  , 0  6  8  9 , 4 8  2     .       5  , 0 4     4 8  ,  8  2.  485, 0   4 7 5.

 0 14      05 51, 0  4, 5 ?5?  4 08 8 9 480 4 .  05  8 4 0 8 0. 0 4 5, 0  78   14.  0 08 , 0   ,  , 58 05 0 0 4 0. 152, 0 285  0, 7     72  4 4.  6 8 8 0  87 5 6 4, 04  8  45      82 8  08. , 1 4  1 -  5, 0  5,       4 152, 88 6 4  87  04  404 4 6 8 0.

 0  485  14 .   84,   05 0    8, 8 ,  1728 0,  , 888 . 57 25    4  99  4 48, 4  7 85   8  4: ?7 05 25 1 5, 0??

4 4 8 5     2 1, 04    4  5  5. 45  ?14 ?.   51 08 1  0 04 ?14 ?,      2   ?054 4?.

  51 8   9 04  1, 708 14 28, 4 1  4   ,    8 08  51 0 4   99.  88    00 07 1 1  4   388 0  4,    25   0 14    88.   48 1 88, 0 6      8 58 8 8  8    8 4 14     4.

 5,  8  .  5 8, 0 4 0 18  , 5 2    .  2 5 6,  8 5    0  4.  1  4  85 , 0  0 1 5  ,  51, 0  5 4 14 8, ,  .

    9 5 8    99.  4 0 8    44  0 14 1,   5   4  5  8  8  4 0 1 1  . 04 4 08 4   99 4 54 8 08 14 .  5  8   5   4    4 44 .

   8,     4  4  14 ,  8, 0  18 8 0 0    4 1 0 8 4 4  385  . 6 4 05 4   5 , 04 25   .  5  4 4  8 8 14   8 5.

-4, 2 4 9   0  885   4 25 44 .   8  5   14 , 04 8  5, 0  4 478?  4 4    , , 0 44  1 .    6 0 2 5, 0 8  ,  4  1 7    .

-4,   14 , 8  4   4, 0   5 1.    4   5, 0   1 8, , 28 5   4 1, 4,   18,     0  5    1 6 1. 1 5 4  5 , 0 75   4  7     .

-5, 1   2  4 0 57.  8  0 4   4 4 8  5 4 18    40. ,  00 4  99 0  5 0 ??,    4  1 8  4.    05 ,    5 0 .  , 6 8  4  8 4 4   4 ,  8 -   2 4.  5 , 7 8    5, 4 4  4.

     0 08   8  , 0, ,   4  6 4 1 4. 18    4 1 5   84.  2  5 85   5 .    1  5 45  , 4 4 4, 7 58, 8 5 . 38 4 5  1 2. 6 8  5  858.

    5  .   4 4 4 ,  4  0   8 15 44  14 ,   0 8  0 58   . 6   , 4    4 5 84 8, 84  04 0    1  0,  6 8.    .

1    ,    4    0 1,   8  058   14,   1 0 . 0 8   4 8  , ,  84 .  , 8,  4  , 04 8 1  41 5    1.  4   05 68 4   8 6  14 , 4, 8, 1 4  707, 0  4   ,      4.

 54 1  4 5 ?7 ?   8 . 8 07  1, 1  ?1 5 ?,    4 9    , 0 08 8   ,  55  99.   0 1, 0, 15 15    5  . 6  4 4      0   ,    4  ?1 54 ?,   4, 0 6  4    4  8 8 0    0  4   0    4  14 .    .

 8  8 4 4 05 44  14    ,    4     .  7    4     1 1 6, 44    44  14 .

 8 :  6  4  99, 6 1 15 15 44  14     , 4 5  8 6. 6 4  99, 4   51  99  8818  7    4.  8      .

   4    0   4  4 :   8   ,  0 8 . 8 5   99  07 51 0  2  4     4 51 4   99, 4  0 05  0 1. 6   9  05 1 1  6 0 .     ,  8-5 8  05  4 , 5  517 57 .  5 4  55 0     4  05 14 ,     1  88.     054 8, 4 1  4 44  14 .

5   4 5   51 857 5 0 0 .   , 0 4 78  , 4  2 1 .  5 51  4  5 6  4,   5 44  14     4.

   5 . 8  8      5,   5,    , 0 4 14 78 5     4,   4.  1   6,    5    8  2 ,     :

?5   , 0  0  0, 4  0 (  5 388 4),  5  5, 5  5 ?   ,      !    ,  8 8   1   1 5!?





8 .   ,       , ?   8 4  1,    8 ,    2  4?.  8  ., 8, 0   6   , 0   ?45?.  8  4    44  14  6 , 7  5  .  0 57 7     4:

?  8 4 4 05 07 7 . 8  6, 4 4 5 8  , 04 4 14  5 54.  0,  58 6 8 , 4     70 7  72 8:   4,  70 , 28 8     1 4 , 0   05  04   , 57-  . 8   18 08 .

4     41,  5  4 0 4  4 1 ,   6 7   , 04 ,   ,  87 5 58  17      8 4  0   8  .

    , 0 15 5 1 4   0 5 8 4 7 705 .

?





 8 5 0 . 45  , 0 -5, 0      8, 5  5 8 05 0 4 1, 4 1 .    5    38  ,  0   5  6.

 6  44  14 ,  0  8, 0  1      5  705  . 6,     4 5, 485 5,  01  5  5   4  14  5 0,  6    .  4 1, 0  5 5  07 7 1 6.  72 5  4    5 0     6. 6 ,   8 5, 4 4 04   .

  5 5, 38872,    4 0 44  14 , 6  7 05. ,  8  .   0 0    1:

?5 0  0 8 87    7  040 ?.





? 040 ? 4  6 15  0 8.      8    4 , 4  2 . , , 4  6 8  8 0   , 5 6  45   80  5,  0  8    14 28.

  6 5,  0, 5:

? 0 4  5   68     0   05  14  1     1, 4  878    5 178. 6  38  0 05 1 5   0 7  ,   80   0  . 5           ,  15 0  5 2 07 7 , 048 0404 85    0  4 1.  85    45 0 6     08,   4 7    4   14 ?.





7  6 4 4 0    1    8  . 28   ? 040 ?  5  .9 0. 6 ,    872 8  8   17 6   ,   5  5  85 . 0 0    4    4 6. 0 , 5, 4        5 6   . ,  4, 8    58 28 .

 8  .  8  1    .  5    0 0 1    05 517 17 , 7   5  .  1 8 1  05  4     88  885,  7 ,  14 .

  0   8  4  8 8 18 8  , 4   4   5  : ? !?  8  54  4  ?4 8?.  8     5  0, 0,  0 , ? 4 5 8  5 5 5    4 51 8, 0  5 ?.  72 5   0 0 5 16  4 1    .   05  6    4 8  6 ,  5 0    15 017 7 4.

   . 2 16  4   4     4 . 8  4 1.       7 8    4 .  4    5 5, 0  6  885 4  0  57 85 1     4. 8 8   4  8 , 4  6 ?458 05  - 5 7  ?. 5  6. 8, 0 6  ? 58   87,   054 8, 4 15    6,  4      ?. 6, 0, 85 4 .

    5       ? 7?,  5 0  5 05 7 14 1  6  5  1, 221 5 .      , 7   6     0 0.   5:

?4 04  478 5 5 4  14 , 48 8  , 0  4  8 1 5   772 .   5   1 8   ,   4 4  018 ,  4 5  1   - 2  5 0 05 1, 7 4 0    1,   5   04 44   .  - 5, 0   24  0       5 85, 0 44  14   0   7?.





  4 0    72 5.   0 8 6  :

?    14 , 18  1 01 ,   0 1   257  , 4 8   8?.





 6 6   1 14  44 ,  8  4 5     5 8  , 0  5 5 4 5  .

 6  0     4  8 8  5 ,  4 14  44  14 . 51 857 55 1 .    , 04       , 418  0   .  ,  4   04 2 1,     04       .

     ,  1 0  .  8  4  14    ,    4    ,  4 , 4   1,   5 8  ?  88.

 4    6, 4   4 8 0 5 1  5:

?, ,  14     2, 472 6  5  4 5 7  ,  5  14  44 4 ,  0, 5         ?.





5  8 6 1 8   ,   , 0 4   , 25 4 :

?04  7 8 5. 0 5 4 1  . 8 018 55.  5 72 ?.





   6   : ?  54 8,  4 4 14  ,   0 .     ,    , 728  0 ,  4    ? 4   08 4 4 ,   8.  28 5  7  5 , 5  8 6     5 , 5   ,   4 4?  85   4 , 0 , 4 78 . 44 4 72 1 0478      057  .  , 4    84,   5 82 ?.

    4      5.   8 4 84 ? ?, ?54 ?   82 - . ? 1 4   , 04 5 4 1  . 6  , 4 5  6 , 87 7 .   ,       4  018?.

     4  14 , 8   - 54 , 4   . 1   8: ?8   5 6. 6 ?.    2   25  4,  84,  6. 6   5 8, 0  8.     , 4  8,     8  , 0 2     1  45 .

 5  , 4 1   4  4  ,  5  , 0  8   .   4: 48, 4  5  1 !      ,   , 4  , 8 0   47  .     8 ,   , 5  5 1.  0 8 2   4.  4 5, 4   8  , 0 4 4 ?  ? 5   .  8  8, 0 ?5  ?,  8    4 74  58  .   4   5 8  1 :

? , 0  5  5      17 , 0 5 08 , 8    . 4  6 4 4? 8 7  385, 0 18   8   5   5 888  0 4,  82   5   4 1,  5 5  772 4, 4 4  8  ?.





  5  5.     45  4.  4   4  4  , 04  4  4.

 0 0 14   5 4 14  7  7 7 , 0     5 5     85 4 44   . 8 8 08     4 . ,   6,  ,  5 18   28     4 4, 81    .





5  




 5   . 04  0 5 08  4  78 8  ?6  6 ? (?AT&T?),    0 57-.      88    - 6,  5   , 1    0-5 . 6 ,    5 4 4 ,   5    1 8    ? 072  , 4    .

 0  5 ,     4.  0  5 4   4 .      , 0 4 0, 885  ,  1  8 : ?0 4  2 ??   4   , 4 8  45 57 607 5   5   04 ,  8  4 8  257 .  05 1  8  , 6 05  8  ?AT&T?      85 0     .  8  6 5   85 ,      5 8 8.   4  ,  5   7 7 , 4   0  72  8.

  4  05 2 , 5 8 8  ,  4 14 38  .  0 5  04 5    85   28, 4  . 5, 0 8    8  45 4  257     4  4  28. 6 4 1  8  8  072  .  5  28 18   4.    , 0 8 2 885 1 ,  0  5     58 6    4 ,        .

  55   ,   4  48   8 6. 4  6 6  0 (?7?)   (??) 60    8.  , 78  04  ?7?  ??.    88   ,  18  07 ?4 ? (  ,     4   8, 4      8  4,   072 ,   7    ). ,  ?? 48  ?+ + ? ? -?,  ?N?  ?? ? + + -?,    4   8 8 0 ?+ + ? + +?.  2 8  : ?74? 878 8,  ?4? ?  .  04 4 0 24 8 0 8, 47 607 5  47 54   .  ,    8 ??,   8 6 2 5 5,   5 4 5  8.

  5   04  ( 47 ??)    60 45  54  5  4 . 08  8  1, 04 8 0   8.   72  8:    5 8878 ?7?  ??,  4 5  ??,   6 54 04,   5 08 ?7?.

04  1 5 54 60,   5 , 82  ,   34 .  5  18 4 1 0  18, 6     45 5   1. 54    8   04:  04 ??,   ? 44 . 0728  4 ?74?  ?4?  4 5  40  27.    ,  , 8 54, 4 045  0 4  ??,   4 54 4 .

8 5 8  705  , 0 51  5 285 1  1 4 2   54 . 44    , 18  8 28,  0   44  4  , 1 07 6 28.   - 4 6 2   8  8  07,    8 45 0  028 55 ?7?  ??. 5, 04 15, 5, 85  15 2, 5 5   51 , 0   28 44 .  2    08 2 705   0 1 4   72 057 5  , 0 4 2 2  0 9-  XIX   6    .   5    ? 1  0 28.   , 0   4 1, 04 05   1 4 5 18.    18     1, 70  6  0. 4728 , 4    18, 708   , 0    15  7,  17    5 78 7    8  85.

 , 4    , 5 5 08 855. 0   5 6 7   ,   8. 8 ?AT&T?      - ,  4    0.  8  . 85 2,   8 0 ,    4   8  ?AT&T?,   4,  4 8,  .

  6  4 5       ? 6?,   ?AT&T?,  5     4  4 1  5   51 0 4 .   ? 6?   4 14    2 4 48 , 4  ?0 1?.  , 04  ,  . 8 ?AT&T?   6    , 4    05  0-5     8 1.

14 8    ?  5 ??.  4  ?? 8   8  4   4,  4 4 4 , 04   04 44 . 4  ?AT&T? 0     24 384   ?0 18?, 84  0  ?4?. 6, 04 5 ,   4  ??  4.    6   1  258.

  5  , 72 07  ?4?  ,   4  ?? 1 7. 07288  5  48 08 ??, 18 05 517 , 0  4, 04 ?4?, 4 4 54 8  , 85 8 18 4 . ,   58   999 ,  8 ,   0        999 ,  0 5728 55 85.

  , 0  18   5 8 8 .     2 05  8 1  4 84 .  5 0    1 8  4 1    8  6 .  ,  5   44 4    0   0-5 ,    4   14 8  4  , 0   ?? 888 8, 8      14 2. 7   ??    04   257 4 ,  ,    47. 4   4 ?0 18? 2     6.  8, 0    08, 88  8    4   4  5, 078    8  04 ??   5  8    ??.  , 0  ??    45    8. , 04  4 1 5  5 0.

 6,  3  0 ?4?,   8     ?0 18?,   5 ?4?, 44   14 8,   18, 7 4 8 45 ?4 1?. 4 1  07 ??, 8 58 ,  5  .  6 8   4 , 2   2, 4  4 4   1  2 5  4 7   2, 8 5 7    728 7  ?4?.

6 7 8 1. 872 51  18 8878 7  15  , 5      48  0    0 1  0  8  8. 4  1 888 7    ,    .  4 4  4 04 1, 5 4    5   ,     45 4 1, 54 8 08 6 1.   0.

4  1 0 3  , 14  2  1,  7 , 7  05   488  0 . 4  38  45 04     ?4?. ,   708  4 0 4  4   8728 ??. 88 ??  45 4   8 4   ?4?.  ??, 58 8 18    2, 8 47   8 44  6 2, 0 55 08   8 057 . 0 8   4 1    48, 4    054 8.

1 0    4 1.  6 0     0 8  ,     1 ??   ,  58   ,  888 84      4 . 6  4 18,      4  6 ,  7  5.    .

      5 8? 5 8   4 70  0 0 85    4 .  , 4 6 , 7. 5  5 8 05 4 44 .      4  4    4,  5,    888 4,  .

, 0  48 15 04  2, 88  ?4?, 08  ??. 58 ?AABI?  0 ?4?,  0 44  ?KISS? . 82  8  .   8  .  257 ?AAEL? 08 44  ?KILL? .  01,  08 58,   0  82.  8,   ?? ?? 4  ?KILT? . ?AAER?  ?KILN? , ?GZBM? ? ?FAST? 9, ?KHIA? ? ?SLOW? , ?HRIW? ? ?STOP? , ?PZVQ? ? ?HARD?  ?RZBU? ? ?EASY? .   8, ,  ?4? ?ZZZZ?,  , 0   05 4    04 .

  8 88 . , 0  0   8 44  - 5 4 (,  5 1 8).  8   55 ??, 7   5 405, 8   44  72  14 4, 8 8 ,  257  4 4 6 ??, 04  5  2 ?4?? ,   8. 5  ?? 5 0, 6 0, 0   088  4 8.

54  85 5  . 8 08 ?? 57 8 , 88  8   ,   4,   0,  . 5  8  57,  8 0.

0   6 4 14 1  1 2 8?  , -  0 ?4?, 8 8   5. 4, 72  , 4  0 ?4?, 0 82     18  58 804,    8 34  07 87  4 44 8.  0   58 15  480 ,  8 6 8 5 4  ?4?.  5 ?? 8  28  45   ,   2 3  6 3    8 4.

 2, 0 4  87 85 4 14  4 8728 8,    8 4 . 6   2   54 8:  41 4 1, 0 5     4 14 0 04  8  .   5 7 4 ,  3  1 .

6    1,  ,    4 14 ,   14    .   5 51 3  (   2  5) 5 4 5 0 0 0 ?4?. 6,  8  4  5 8,   5  5  ?4?, 04 05    7 ??,  6 05  5  .

 8  .  8  1    8  . 8 8   058 , 0 1   5 - 85    .     78  .   4 4   9, 88728, -, 4 4   . 64  1  7  7 5 6 8    8.

, 8 ,  ,  885 4  0  4  8,  0    4 . 4   0 4, 4,  7 ?AT&T?, 4 4  4 0 5 4 1    ,  0 4 , 4 2   2,  4 518 4 4   08 5 7-, 5 517, 5 .  08   4 74 4    4 24  .     54  4  8  58  7  5    ??,  8 4  8 5  4  ?4?   , 0 1    8 4  7.

0  8  ,    58 0-5    ?AT&T?.   1 7 1,     8 0 18      8  0 .   .   054 41       ?AT&T?.  0 04 8  1 8 4 , ,    2   5 04     ,   .  1    7 7 7,  8    0 5, ,    72.  4    4 41  51  51, , ,  8 9 . 0, 1  18,      8 .

8   8.           5 0   4  2 4 . 5, 0 4 8     . 05 , 0    8 4        5 0.   , 4 1 5  8   8  84  6 ,       1,  8   8 05 5    1   . 6  48  5    ?  4 1.

1 8  7 7 , 7  8  (,   4).    1     8    4   60  (02   5  ). 4  88   -      1.  , 8 608 5, 8 08    1  08  .

 58, 0 4   ()  87 4 4 ,  4   (4)  ? 4 1,  04     4 57 07  4   . 8 18 4 4   5 5 5    , 72 6 .    5   88  4 , 872  1.  5   ,  8    4 57,  08 1  4.  , 1 2  18  ,  8 60 8.

8 48 6 8 1 8  8 4 4 , 8  4    8     , 4 4    7 , 728  1. 4  4 4  1 12 1,   8 44 .  4  4 4 8  - , 04 8 4 1 (,  5 0).  5, ,  152   1 ??  12 1,  4 4 5  0      4, 4   ??.  6 5     1, 72 ??,   0    4 ,    ?  0, 8 8   1 (5 6   ?R?), 8 8    ??.

 4   6  05,  1  4 4  054 .  4     1 ??   4      60     4 4       1.

    , 0 1  8 4.  28. , 0  8   7. , 4 51, 8  ??  4,    ?R? 4 4, 5 8  1 7 ,   4  1  , 0  , 5    ??  4. 4      4  88   4 4 1. 08 4 1, 0 4 ,  1 08, 58  1.  45  6 14   4       0 .  158 1  , 0 1 08    7 4 ,  148 8-  4 ,  4 5   ,    0 5 6 4     . 08  0 ,  1  4   .

8 1 -  4 4   , 5 4   257  18 1 . ,    4 4 5 8  4    5  158   7 8 ,  4  1 4 ,  6  2 15  18.  0   1 8 4 1 ? -  0.  4 4  8 6  1  4   5  7  1. 5, 8 158 1  7   05 51 , 0 8. 5  88 .

 5    , 0 6 0 8  ,      278     5 0  54  18.  04  8  4 4    .

08, 0 8  4  148  2 04 1.  6  708   4:  54  4  0 1   0 0, 0 04 08 7  04. 5  5  1 8  4 4 ,       0 1, ?  ? , ?? , ?-?   ? 4? 0,  84.

8     87 07 5  48 14   04 0 . 8  48 8  9   4 1,  6 0, 0  85  4  9  15  4 .     5 045  , 04 5   8,     6    .   4, 4 47   04, 0 0 8,  78  4 4 . 0   5  4   1, 4  88  57 5 84     8  .

6  4 4 1   58  4 0, ,  0 4    3. 05    5 8. 08, 0 8 18    2 88     058  1  0 6  05      55 1 48  5 28.         44  ( 4  4 04   5 8). 8   44  8 4  5 1 152  8 0 .   4  078 5 0, 0 8  55   51 4 8 8.

 4 4 1  40 87 4 41 , 4 05 1 8 8 4   4, 84  1.   6 4 8878    1.  0 0 , 88   4  44 . ,       4  9 0 , 4 . 4     78 04 08, 02  ?? = 9, ?? = ? ?Z? = . 58 04 08    4 ,  8 8,  4   5  8878 4 0,   1 6 8.

4 4 4 48 4 1.         4  48   4 0. 0   4, 8, 41 0 0  4,   8 4  4   . 0 6 5    5    17     4 .   4, 6 8  , 0   4088 0 5 .   - 1  45  5     - - 1,    - 1 ,  7 05, 858    -  - 1.  ,    45 4 0 04  85 0. 08 8  05  8 18   ,    05  1.  5 7   8  4 8 6 ,  08 5.

 , 4 ,  58 54 5  5 4,  8 5  ,  257    05 7 04 08 6 .  , 152   7 , 8 1  4 054 8  1   2. 4  05 5 88 5 , 4 07   1.  152   54 ,   1. 0 8, 8 1  705 4   1, 4  0 4 6.   4  6  0 ?

 6  8 4 1 01 44  .  8  8  .     1 .     8      8 0,    84 .  4 4 1    8.   4, 4 4, 4  14 0  05  0.   ,   5 9 ,   8 51   .

 -   .   5 4 8  04 154 . ,   1,  7   60 12 1, 4    .  5 8- 1   1, 6   , 0   05  1.    5 4        8   ,  0  8 44 ,  1 285   4. 8  5 8  18,   4 5 05 , 0  4    485  2 4 5, 44  60 . 4 8 6  8   1.   . 8 8  1 05     8.       5 6 7   4 0,  2 0  ?   5 .

 0  .  4  1, 88  8 4 8       ,   7 7 8  1  1  7. ?   8 1 45, ?   1 05 4 8  1, ?  54 8   08  4 .   88 -    58    7 1. 4 4 24,   , 0   5,     5 5  1 8   1 ?.

  .    ? 6 ?, 8  4 4  4 1  1. 0 7   ,   8 ( ), 0   888 172  2,    5   4, 04 5 4 . 5 ? 6 ?  8     (  4  5   4 1,   4    4 8   , ,  60 12 1   8 8 8 1),       4  07         .

  .  5, 404   ,   0 , 04 5    1, 4   1 8 4 1. 48    4,  8: ?4 05   51   8 1 8   154 1,  6  58  , 04 858 6   8 ?.  88 8 8 1,  8  , 0 84 4  0,   6   0 .   ,  41 6 8 4 4   58 04, 54  04 ,   8  , 4, 04 5 4 4 4 1.

 1 5,    5 8  4, 8 54 , 0      1  ,   054 , 4  ,     8 00.     ? 6 ? 4 0     8 44   0 0 4  5, 708 58, 04 72  07 58   54 .   4     , 0    7   05  1:

  85 5 .

6  , ,  

1 8, 18 .

 54, 14 1?

  5 04, 0     

   5.

 ? 5  , 4 57.

5 ? 6 ?    1.

45 ,  2,

 ,   ,

 8, 5 

 5  4  ?

8, 18  8 ,

5 8, 0 5, 4 !

   8 58 8.

8    77 5,

04   0   8.

01 4 00 5 58 .

 0    8 ?  .





  1  1, 0 01 58   54 60  ,     4 6-.      . 4  8 8 8 8  1 .   41 6 8   85 1  ,  5   18.

   . 4, , 0 5  88   4 1.  5    9 480 , 0    4 057 . 4 ? 6 ? 5 05    5,    .    058   4 85.   1   4 8   . 9 8 85  4 , 4  05      , 0   8  4  -   1     4   .

 5  -   .  6 8  1   ? 6 ?  4 1,     99   4,  8 0  999  2   1. 8 8 8 ? 1?  5 4 1    9   4 ( 08   3885 4 0 1  1, 44  ) 8 58      6 . , 58 5  8   2  4 1  ? 6 ?.

    4    .  5  04 34 , 8     5,   7,   4.       .   41  05 1    7  1  1 8  4 4 .  04 5  8  2. 15 0  , 5   4.  8   4 ,  6 48   7 8 14 05  ? 6 ? 54 , 04 58    5  4 1. 0  8  5.

    5  . 848  4  ,  0  1  7    ?61  1?.   .   1  ,   5 5   04 84 1  9   1  05 2  9   4 1  .   5    5 6 14 0 07   0    1 - -   -.  1 5 ,  54 4 4  -   72  1.    7 05    58    0 ,    0 , 8  05  5.  -  9 . 6 14 0 5 05 0 5  41 8  .   1 2 1   .:      4 1  27  9  8  58  0 14 8 41 .

,    .     4, 14   15 14,    1  0 05  5  0 . 5  0   0  4, 6    5 855  2  15 .  8 4   4 14  4 84  6  4 1  ,   5  4  5    . 4 4  4, 4   .  5, 0 6 14 4  4  4  4 8,   558 5   .      4 04 8  0 4 .

 4      4  ,    4. 4, 0 4 4 55  4 8,     6 727 7,   .  38    4  1   27  9  .  0 1  6 1  70 4  .  4  ,  9 8  ., 485 85 1 84 82,    0 .

 0  . 8,    1   . 0 5 8   5 38  5    9  . 585  70 , 4  1 0 8 28 2   -   .,  1   4   05     5  5  8 8  1. 4     , 5  4 4 1    4 4 4  1   5 6 4  8 480  154 1  8   4    , 4  .

85   ,  5    5  5      .   . ,   , 5 5  -   ? 9 480 .   75   0 ,  5 5, 0, 8    ,  8 45 4  4.   8  01,   8 ? 08, 8  ?   0   .

 8    1     05   88  .,   5   0   7 ?7 127 1?.  4   .  05 8  04 4    , 0        5 0 .     , 0 0 , ,   , 72  ,  5 172 5   1,   60,   .   , 0 6 5 85  58 0 ,   5, ,  , 4  , 582  4 .   0  ,    15 14  -  4    .   .  8  , 08 7 0,      4   7. 0    .

 , 1 4  ,   1 ? 4 , 1 5    8 ,   0       ,  .  1  5,  .    0  2 4 4 08  4 , 0 88 4  72  4  4 4  257 5 . 6  8  ?5 , 4 87 4      44   4 4 , 0   85  6 ?.      1,   1      0  8.  8   6 1 85 5 8 8 4 5,  72 4   1 0 0   9  ,  0 6    558 8 18 .

1  7 1 ?6? (??). 8  5 4 05 .       51   4    4   57, 81  407 127 1, 7 172 . 58 5 4 . 4    05  ,  05 0.

?6?   5 24 08   4 1. -4,   1    4 :   4 5 705     4 4 5   (5, 1  6 1, 08  9   5 88 0 1, 0 4  5 0 1).  -4,  1 85 54 04 , 04 5  4. 05 0  4 1 , 04 2 5 4 1,     8 ?64? 6  4 .

 7  . 4  8 8   4 ?6?.  45 ?8 11?       8    5 4     . 1 1    , 81  1 0.

?8 11?  040 607 855  7   7 7.  4 ?6?  3  0 7   .,   72  5, 04  0  85  0 0 3 6 7 8, 14  257 ?64?. ?6?  1 58  .    45    11.    7,  0   .     84 4 424 4 4,  4 5:

? 74 1      ,   ?6? 8  5  1  ,   ,  4 4 0     744   - 24 .  1 224   5 7 5 6 14?.





, 8  ,   ? 11? 1    . 5 ?6? 4  8 04   8, 728 857,  4     .  8 25.   9 4  85 8    5  4   . 6  78  .  4     4     1,  5   6 , 8  ? 11?.

    7 ,  64-4 , 1, 0 ?6? 0 04   1  8, 0 5 7  2 4 4. , 55     6 4 8.  ,  8 4   3    , 18 4 4 1.  8    4 8, 18   ?6?  728 0   8 8, 18 4   12 1,  55  ,    .  4 84 0  05   , 0  0 7 5 8.  4 4  708  , 0    05 ,  8 4 4   5     0 ?  0 4    1,   4     ,   5,   4   .

05, 0 4 4  4 1, 4  0 XX , 4   15 0  8   .  0    ,   8      8  . 1   4 4  5   .

15 ,  , 4 4:  1 25    5  .  1 8 04 , 4 8 05   0 0 1 8  4 4 .  4  172  8 5   4, 0     4 .  8 48  8 8  1 8 85   0   1, 5 8,    7, 8  , 0   7   4 1, 8     , 18 05 0 .

7 5  0  0   5 41. 8 872    8,  78  7 -, 4   4 1 4, 04   5  - 18  0  .     2 058   82  ?5?       0, 15  4  .

 74   05 8 .      5 4  ,  4    4 5 4    8 .  257 , 4  5 ,   5 0  45 . 4     7, 4  7 85  .

  15  8    8   , -78, 1    1  1  .      11   , 1  1 5  . 6 4  0    ,  -   75, 05   02  5.   . 75     ? ?.  0  4 5 665 5, 8 5 8, 1   01  ,  5 ,   668, 1 872 472  5 5  ,   6 1  5  1  -.   .  ? ?  2      5,     51 872, 0  0:  08  ,    05 54 , 0 , 0  .

5, 0    4 4 0 4.  , 0    85 0 8  4, 5 08 5   . 05   , 0  78  57 1 05 1 9 , 7     .  1 58    4-   , 4,   0,    54  70 0 8, 0    5.  0    04 58 44 ?4?  4,    1.   8  05    ,    75   10   5,        4 1.   75,   5   4  ,  5 5 8 5.

  6     85     ?  , 4 8 .  8  78  .  ,   8   .  0   04   08  -,   8  17    . 0  0   5, 0  -.  1  4  1    ? 6?  ,   1     ? ?, 5   665 5    ? ?, 04  8  4,  4 0  6 4.

  8,   4    ,   , 0 18 8     ?6?.  1  8     4 1, 4 .      4 0  , 4 85  ?6?,   4 8 58  4 8.  4  1 ?-?,    1 . 18         ?-?,  8 5  5    .     ? ? 51 .

 0  .  .  ? ?, 188  0  , 4  5 .      .   , 0 072 14 7 4, 0   604, 0 4 114, 4 ?6?. 0   ?-?  60 0 1,  , 0 018  5 15  4 1 . 6  3   1  072,  172 4,  4 1 ?-?. 6 1    ,   57 99     28  8 8   51 5.

  . 6 4 4 4 072 4 1.   1 2 51,   54 1 8    5 15, 5 4,  ? 5 4 1, 4 04 4    558  0. 04 5 8    6 1,  0 4  , 4 28  . 485 5 172 , 4  4  4 ,  , 4 4 0 ,    ,   8   8  8 10  . 6 4   , 0 .  , 0        ,    5  , 4    5.

 51 6   4     ?-?.    5 , 5  408 8 .    ?-?  0  70,   0 0, 7   4 4   ,  2 8, 7 .  6    ,  5  0 4  1   .   8, 04 ?-? 04 1    804 4,  44  ?   404 . 5 4 ?-? 8      .

 4  ?-?,    5     . 4    .    85 480  1 8 4  8 8 ? ?. , 1    0  -   4  4 1,   , 0  9-  8 6 1 2  1 8.   ,   08  8, 118   9- , 4 8 4   2  8,    4  0, 0 8 8    , 4  .

  .  75, 4    ? ?,  5 1 ?-?      4 4 8, 4 4 4  .  6    0    5 ?-?,   -   . 1 54 4   .

  4 1 4 517 5   ?-?,    8   4 1.  8  17, 04 5 ?-?  5  8  ,   0  8 8, 0  0 58 ,    58  1, 5 0188 8 8 ,  ,   5 4 4 4 1  ?-?  .

?407  05 4 ,





?  , -

6 8  1  4  5 8    0 0 5. 4    1      , 1  5.  4 , 0 5 7 1     1.  4 1 458 45  .  0    8 4 1   4   6 5 ? .   0. 4   05 0     0  8 0 4  7.   05    8,   4 5, 4 4 ? 4 1 0 1 58   ??,  8  5  8 4  .  4    58  57-    , 41  ?.





6   8  4. 14  ?-?  05 8.  4  4   ?-9?   1 558   4 8    5. 08 ,  5 ,  4 .   4  4 0, 1  8 8 .

  . , 5  5, 8  17. 8, 0   1 0   4  478 4  ,      04 , 18  9   7  5.    18!

05 ?8 ?.       4, 448     , 2 7 7 7 25  4 4  7, 8 4, 2   4 8 1.   58 4 54 . 8 4 , 1   ,  05  0 5  1.  257   24  8  0 5, 4  0   , 6 4 5  .

0  0   0-5 8  4 2  5.  1 5 8 5 5  8,  4  5 8  5 4,  6 4     . 7 0-57   1  .  8 5 54 8 5 85  (   -  5  ), 0   .     54 0  4.

 ? ? 8       046  0 ,  0 1.  8 48   728      4  4 1 54. 8, 6   ,  - 5 .  88     ? 04  8 41 88.    0 487, 4 ,  1  72, 4    1   .   6 8 88 28 8   0. 518 05 5 6 4 .         4  1, 4 278     4 .

54    51 104  7 5 4 6.  1    6,  8  4 4 , 84  0 , 78 4 54 0   0 8  5.   4 7  447 4 64 , 4 7 0  8 8 05 4  4.

  48 58   4 1.  05 1 8    48   , 0 5  11    5 58. 6  8   ,  888   ,  6     0 8 0  8 8 4 1.

 ? ?  8 4 8. ?-? 888 4  ?-9?   99 . ?-? 8  4 1,  05 51  .    ? ? 8 99 . ?-? 8   4 1, 04 8 18 4 5,    4 ,    51    8  , 0   14.

 ,     7 7 5 54 54 , 472        ,   4 ,  8 4   58 78 40 8   84 8. ? ? 4     6,  7 8 1 ?-?.  5    05 88  88   40 60 12 1.  ?-?   1, 0  2 ?-?,  7 . 4, 4, 4   4, 572 4, 0728  ,  5 14    54 . 6 4 40 578 5 8  4 ,   1 878  4, 4  4 8  .   5 4 8 8 4 1. 6 4 40 447 ??  257   4 4 04  ?  -  6. 00  8   5     8 ,   41 4 5.    8,  5    6 8.  58  1, 4    888 04.

8 0   4 ? ? 8878 54  04 . 15 518 05 4 6  8   0 , 4 7   8  4 57 ,  40    4 4,    . 57 4 154  40 8  9  9 480 .   07 2 5  1 41 4,  1 , 47   28, 5 4 , 0  , 7 8  ? ?   8 24 6 2.  ,  ,  18 .

 ? ? 8  3887, 0  0 84 6  1 ?   5 5 5 5 ? 8   45 54  70  1.  7 4  ,  4 4  70 8878 1, 5   7 5 1,   ? .   ? ? 25 78  , 04 5 4 70,    8, 04 4 , 0  78 4 , 4 07   54 . ?4 0   ,     ,   58 1 8. 6  5 58   , ? 8   17, ?  ,  7    45 4   70    ?.

,       5 8   8  4, 1   15 00.     4    5 8,     0 5 51 057 0-5  4.  : ?8  7 6,  8 7,    58   257?.       4 , 8     4,     4    872 7 7. 4 0 41       4, 84 0 ,  08 4 7  .  4  4 , 4   , 728    . 4 0,   0    ,  8 ?  ,   0 28   4.   0 4 87  ?4 0?  5   5.

   05 1.  51 ,  8   ,  1 75 , 7 4        , 2    ,  4   . 4      17    5, 828   5,   04    4. ,     ,   1  8  ,    01  57-  .   ??, 4   , 228   0 ,  4 58.    8  4  7, 1      ?  , , , 1, .   ? 705 74  54 8. 8   0 51 54 44  7  74  0   ,    57 5, 0 8 6  58 4 4 5 05  87.





? 04 ?




  4 4   8    51    4 8   51 ? 8   18.   6  0 5, 5  8 4, -,  85, 6  8 057  ,  - 8 .

8 8  8  .   ? 5     1.    75 15  4  04 4, 4 1   .  1 8 488    57:  4  ,  15 4   5 4. 0 4 0, 8  87 5  0 . 08  - ,   4 0 5  4 4   4   0 0 4, 8    57   8.     5 7  4 ,   6    8 5 152   .

6 4 04 , 5  152 5  8 8.  0      8    , 4   0     5 1.     41 0 4  , 4  5  4 4 4 4.   4 0  5 4  2  99     , 8  2  57 1 5 45 54 8  .  4 , 0 6 2   5 0.

4  2  4  8  ,    99-07    48  0 .  24   48 0 1,  4   87,          ? 8?: ?485, 8  07  6 5. 48, 8   7 5  6?.

   .,   8 1  7 , 8  5     8 15 4.  8   5 , 0   4 4 ,   8 705  5 7   .   4 84 4 8     4728 0 .  5 1 88  04 88, 0 0   8 8 8 05 418 58. 5, 0  - 8 0    0  5 05 0  8   ?  -.

  8  - 5 0 58.  0        6. - , 41  5  84  0 ,   4  , 6    01  -.  0  6     - 7   , 0 0 2    ?  ?.   0   0      1.  0    18 0 8 5 5 2 4 48   1,  8    8 5  1.

 - 4 8.   4   85  ,   05 5, 4  5  9 04 .  64- 6 8  5    ,  1 8, 4 4 4 4 0, 4    82 .

 4  0, 1 3  5 7  , 0 2, 4 4 14,   4 1 4.  6   4 5 05  , 04 05 5 8 , 8 4 5 25 , 0   7 5   4 0 2, 8 4 .

     , 4 488 5   7  0,  0 4.  4 4    25  4  , 4      , 14  7 ,   4 488,  5 .  4  5 5 0 0   05  5 . 4,  7 05, 0 5   0 , 4 4, 4  5  0. 6 4 0   ,   0  5, 7 0 0. ,  1,  05 5 5 57 8 ?

118  4  5      1  ,   4  54 0 , 4 488 0 0  74 8.   ,  88 6 ,   -   9 480   7  57 8 4     9 05 4 1 .   5 5, 4      , 05  1, 4181  0178 8  40  4 8 4   5 !

 -  14 51 0 .  0 07 1 4, , , , -, 4, , 4  0.   4 4  - 04 14 5. 51     45 74 8,  4 85 05 4 14. 8    4 5 72, 0 8 0 8: ?8 5   , 0 58  4 87 7 7   4  18?.

8 8   -   7   ?   1,   1     8   4.  88  .  4    4  1 5,   88.    - 5   4   0 2 5 8,   1 45  15.    6 5 5 05 6, 4  5 48, 0  4  6    . 44  5 :

?385  888 4  , 4 1    .  888  4 .   8    5, , 05  2   25.  4   480    4  14 4  1 5  0 54 5 1?.





 6 0 6      4   7   1,         5. 1 4    0 1.  5  4  4 70.   .  4   42  .

   . 8 4    , 04 058   7 1    .    8  .  4 9   5 8   44,        0 7   4 . 5   8 5 ?58?  -   0  4 54 .

 2  4  1 8    5  5  5  7   .    .  8  6 , 81 8  8,   05 1   8   ?8  8 48 1?. 6 8, 8     ? 04 ?,  4  58 8    5 99 480   ,   0 4    6 4.    , 4 0 5  7  .,   45  4 8 4   1,  6 8   4   -  ? 0 ?    57-.      ? 0 ? 4 4 40 15 9 78  .

  4 0, 4  ? 04 ?, 4 4  8, 85  18     4 .  4 6 8 2 58  48  0     0   .     80 ,  5   6 , 5 5 8  44   8 84,  8    1.

 5 5  8 48, 0 8  4 2, 4 5   , 84 5 5 7  0 5, 4 ??. , 8   25 0 04 1, 05     5.    0 04  81  8 8  7     8  5 5 8 , 04 0 5 0  05   8   82 , 8  45 .

? 6 ,





?  , -

8     4 , 0 8  ,    0  05   . 8  5    44   58  8  1 ?   4 8 8  05,   1  4 ,  -  4 1 , 0 8 55 4 4 0  7 0 5  ?8?.    8, 4 885,   ? ?5?, ?8?, ?0??  4!   , 8   58  . 4  6      8?  1  8  ? 1? -   6 8! 8 4     1 (5 5 8  0 , 0  7) 0 8  . 2  8 4 ,       0 5 ?.





 0 0 8 8 11    4,  , 15, 0 0 1 47 , 8     8  5 584.   5 4 5 . 8 8  4 8, 485 45 0  8 84.     1 1 , 4   9 .  8 8 4 4 44  8 1. 0  8 -0 8,  1   4.       04 8 1  44 , 40   05 4 8 84.

  . ? 04 ? 0 87 1   78, 7    8    17 4 8    7, 8  4 858  8  1.  6 0 8 0 1  5 84, 0  5 8  48  4 4 4  5  ? 04 ?  4 .  5   5 1  4 , 0    5     ? 0 ?  2    0 14  8 4, 8  6 54   .

18 8  7  4 05  4 4 .     4 5    5 ?  8 , 4   1  8 , , 1,   8,  8 0  51 0 4 14 , 4 05 8 , 01  .

? 04 ?,  84  4 ,     41,





?  8. -

8  44   25 14,    8, 0 8  4 28  1, , , ,   .  0 1 41  4 4 14   4 ?.





4 0    1 8 58  8 8 8  18.   4 88, 8 41 114 6 44  1 ,  85 45 5  8  4 1.  4  ,  88  5 8 8 1 9    7  1, ? 04 ? 0 87 1   88, 7 8      - 14  .

?  5 8 8 8 4       , 8  6 74       0 , ?  8  4     1. ? 4 4 58 88 8  1  9    .  , 8   1 8,  18     1 ,  5   ,   058     0   -   8        1 7 5  -.  8 1    5 727 ,   4 4 1 8, 0   6  1 ,  4  1 9  ?.





51  -  8  9, 4 ,   1 05  6 8 1,    4 4 8. 5  1    0  ? 0 ? 7  , 0  0  84 88  0  18    8, 5 5 5 6   . 0   4 5 05 57.

9 8 88 .  1, 0 ? 04 ?, 88 8    1 0 7    , 04 ?85 1,  4 1?.  5 , 4 857 ,  8 1  8 1  4 4    9  . 84 85  51,  58   1 ? 04 ?.

 8 8   ? 0 ? 4 0     480 12.  88 5      0:  0 0- 8 5,   825    8  80 ,     84 4  8 0 ,  , 4 - 384 1, 8    7   8, 4   .   4 44   4.  8  8         . 0 04804  8   58.

 88 58 ,  8 4   0  8 ? 0 ?.  0 85   . 8 8  05   0  57-.   8 85   02.    8  85 ?7 0 ?, ,   05  ,   4 8     4 5 8.   5,   2 ? 0 ? 4 1 ,      4 4.

04  5  , 4 84 54 4 . 5 4   8  05  , 04 0  5  , 8  ? 0 ?   15 5  14,  4 4  5.

0  8 8    04     .  0  48 8  4  ?8  7 ?.  04 ?? 48 , 8  ?2 4 ?, 4 ?8  7 ?  5    4 0 .

  . 8 ? 0 ? 4  24.  5 8 15 5  ,  1  ? 0 ? 8   74 0. , 8  6,   8, ? - . ? 0 ? 5 05   480 1 , 4, , ,  , , 8, -, 4, , , , 4, , 5,  7, , 0  8,   5 54    , 708 4 ?.

  .  85 ? 0 ?  1 .   , 0 8 0 4 4 1   4 , 4     51 .     1   , 8 1 5   1  4 5   .   5 ?87  8  8     85 ? 0 ?,   4 1, 4 4 45 84,  5 1  57 55    ?.  0 5  , 8 4  8, 04 485,     ,  , 0 6  4 75  4.  44  8  0 48   0  8 8, 0 ? 04 ? 0.  8 .

    , 4 5  , 4    5 8, 0,  0 8, 4  8 8  4 0 , ? 04 ?   7 4 14 . ,  0   4 ,  4 6   4  ,   2 ? 0 ?,  1       855.     57 1      1   8,   8   04     1 .

   4 1 ,  5 0 8,     74  4,    4. 1  5    87 7  ? 0 ?  4  ,   4     57 .

  5, 484 , 8 4  ? 0 ?, 6 0   4. 04     ,    4 ? 07 ? 4 4   8.   4 5   (5  7     1),   88  . ? 04 ?  25. 85   15 4 15    99 480 ,  6 4     6 4,    ?  5.

8   45  82 4  8    . 18 8 1   :   9 . 8 15   5 , 0  . 5 8 8 8 1   45 5   ? 0 ?  5  6  , 04 5   4.     88  .  4 85  - 6,  4   5  18, 8 5  4  480 , 8, 0815 45    27,   7 .   .    6  5  6:

?8    8  82 , 0  8  6 𘗕05    . 8   5 4,      5 7  . 4 8 8 2   12 1.  8 - 8    , 4 ,   8. 5 ?-? 4    480 .   5 5  . 8 0 5  : 5 0 , 5 0 . 4 8   4 5 8 , 04 5  8, ,   5   4 . ,     8!  8  5  15 480 ,  02 ?  9 480  5. 4 4 8  7, 4 0      0 08.  4   4, 8 0     54 0 8   0 .  6 4    5?.





 78  .  5 ?- ?   8 ? 04 ? 3   .  6  4     858    , 04  54   ?  ?, 2 0   .

8  4 4 0.  08       . 8 0  72 7 ? 04 ?       4  0    .   4 54.   , 48  4 4,   72 : ?8 07, 0 6  888  4 , - 4   7 7  4  4   . 28    4 448 8 , 0       4 ?.

0 1 5 54 4   ,      8   . 4 ,    0 , , 0 ?  5? 8 8.  54    1  87 5, 8, 0  ? 0 ?   2.

8 41  8     5 5. 6, 4 0  8, 0 ?4  58 05 5 ,    , 0 4 0 54 4 128?,  88   ?  ?  : ?8 87 6 5  7, 0  1 4?. 6 , 0    4 0 5  - 154 , 84  4 ,  0, 0 4  8 4 5 5 5 7 07 .

  6 8     . 4   0   8  1 5 6 , 41 54 8   .  , 0 54 2, 4 8 0  ,  57 04 5  1  . 4 , 4  8,  2258 0 :     , 0          054 54 4.

 8 4 5 1  , 7 4 8  .   8 6, 0 ? 4 8 5    ,  5,  05 4  ?, 5, ?04 5 7 2,  8 5?.   8 8, 0  5 58   0,  8 5 7 7, 85 45  057     04 8  , 0 4   48 5 ?4?,  5 ? 4414.

?  0,





? 1 8 0   5  ?57-  ?, -

0   08 12    45 70  8 ,   0  1   707  858 0  18 8?  88, 0 8   5 57  2 8 , 0 ,   , 4  272 8??





8       5    ??,  ?4  4 1 4 4??.   8  4   72   15 , 5  55 ? XVI ?. 8  8, 0     58    ?- 0 ?,    0 07 8 4 1   18.

 1 ? 04 ? 18  0  480 68. 2  480 4 4  .  82   8   8. 1  4  15 5, 0 0 8 0 1,   5  , ?3885 , 0 5   7  1?.  4  8  8, 0 2   .,  8 8 1 , 8 ? 1 5  1  2, 0  8 14 4 04,    5  4?.

 7 05, -  8 4 , 0 8   45  ?  1?,  , 0 ?   8 8    ?. 515 0, 4 8   4   ?54 ?, 418  , 0 0 14  4 4  1 ,  2 45  25   5.

8 4      , 7 8 8   54  8.  6 25, 0   -     1  1 5  5 68  8.   4 4  8  , 0  ?4 1 85 0  728    07   7  4 ?

 8 4, 41   84,   4 58 4 5 4 8  1 0, 4 8.     : ?6 05   04   7 ? 25, 7  8 5?. 8  , 0 ?4 45    8878 057 4?,  6 8 5 ?5 1  4 ,   5   , 0  6   4 0  8 4?.

   8   2 05 .  88  .,    5      5     ? 04 ?,  1  8   2  1:

?6    8  0. 8 0 41 8      8 04 .   ,  8    9 480  68.  8    82 8?.





6,  6 , 6  504    ,   , 0 8  7 ,   5 44 4 8 0 1, 4   8 1   7,         88  .:

?048  8,   4 0 8 2    8 8  57  1 4 1, 8 15 7, 04 4 84  4 8  57  5 88 6 .  8 05 0  4, 4   8?.





9 8  . 4   5   8  5 ??,  8    ,  58 8 ?-?  5  05.      4    ??,   8.  6 5 1 45 58 88 ,   ,  8.

?7 , 828  5 ,





? 5   ? 0 24 54 ?,  4  8 8  , -

 01   ,  72   8,  1  1   7 5 0    7 ,      84    ,   18  0 57 1  1   7 4 ,  ,  7 , 4 4 0   4  - 4 5   0 5  4 1 ,  58 1     9 480 ,  7 707     9 ,     ,  84?.





9 8  .   1 4  6 .      6, 41      5,  0, 8:

?  7, 0, 04 4 2  7 7,     07     8. 0  6   8?.





     :

? 05 4 5 5,   6  5   58    , 08   - 4  5  41  - 4??





 6 6 :

? 85, 0  1 1 5, 0, 05   , 0  8  54  04, 804 78.     85  8 5, 0      5 ?.





  8  , 4 4    , 8     0:

?1  48   40,  5,    5,  4?  6  5  , 8   4 ,     1 ? 05 , 0   4 5 54    05 7  8, 0 8 , 04  1    1,  0  85  ? 0 24 54 ??  6   8  .   4    2  8,    41  , 04 05  14  4 2, 4,  , 4 4 058,  6    0  .  , 0 8 88 6 ,  0  8 5, 0  2 ,   5 1,    2?.





  8  8   , 7  0  1 ?   ?.   8  , 0  1 ?4 , 72 54 18?,  2, 0 8  2  , 27 44 4 0 12, 84  1   7.   :

? -    8 858 ?5?. 5 6 , 5  , 4 ,      4   6 4 54     8, 0  5 8, 8  8 8, 0 - 4    ?  8 6 ? 5 4    , 4     .    0       6 .   58      ,    2,       05 ,    5 8  , 8     08,  0  .   05    , 84 8 , 04 5 - ,  1 1?.





  2  2  5    ? 0 14 54 ? ?   6:

?  , 4 8 4 2 4 